osmid,1467807116,6536470737,242925109,321738184,7396464240,7258549913,7200403951,1467806941,11680202624,11662185649,12101126578,11670266175,9944142520,11680202585,159118052,1141753352,2139543216,7185202538,11659293566,962953269,8313994960,9813577879,7188588287,9987706442,10930735560,10913135778,11740393912,6536470739,8377876118,295660686,11722042176,10930796608,11956132056,7230071047,11687275581,237042521,7240682606,237041289,6524230807,2703715291,321739384,1467966574,9985849226,10909607970,11690021066,6432296258,855114802,5410138245,11422227049,11991009866,476288643,3879060261,10930756821,11744723180,7188588323,4798984747,11052291161,6970838874,8658496375,11747087684,7200419295,6533422545,1869508710,10704519986,6564734866,6544188226,8657253974,4196499524,6539205230,7185202512,10263469823,5602681090,1981624040,6536875407,6524230786,10930767891,11687275583,323100048,5430413585,5644815363,5821667600,11539227626,11695236015,8462613384,321734307,746042241,2703552785,3245697159,243193987,1190345322,11676264423,7198365484,5209930002,1924618401,11667630477,340650955,2716955637,10261914197,305115049,746028608
1467807116,0.0,2041.360497543821,1082.2660654916092,879.5594895497024,1896.535266654008,827.5164378253344,64.32370960747915,964.4537083762085,3009.6832847243218,3280.6835890601988,3349.7302078637936,3327.0717229168317,450.5673361183737,3005.0046456793666,381.8717015709588,616.9660634484725,3161.7657176168545,1381.0870515630963,1479.4989141672918,2453.0636618335116,2044.5914437454906,870.73525799844,1634.0186360586217,3182.7959345240506,1527.3576202673812,1759.709397860474,806.1551372496222,2040.265123593534,533.941683868228,2688.0643380189904,1014.0131405736618,1456.5110496462244,2343.301683688988,750.1660380418908,2615.9905005180126,1337.5060951437865,117.19467438727082,1203.6917528351853,862.752414080929,754.0272563370535,1817.6691761114596,1304.703878968711,3027.4256906721484,1114.1721919421977,1439.2289980883672,851.8760148674648,1210.5045661111558,3003.983951410297,1648.9362833358066,852.2114567996788,1379.235807903309,1712.2423182292011,1515.2820518210465,469.0063726476862,1571.1514881931832,862.8223748207911,1947.6173572342636,3043.7635937614436,2588.7223749546115,547.3548342758854,962.268167607558,1301.512841242495,2255.514595618762,976.3041536797514,2266.275084605362,2315.810136615217,1135.1526132967806,2627.534066602897,2421.5910125639907,824.9000309846872,2872.6582013687785,2548.0471128007484,2953.7628680506064,1929.1419501225437,1097.6513259038948,1477.6200762014853,2664.401858993243,963.1345382481712,3539.7118494537435,1235.5304659672784,1840.6932417212693,1973.7351949478243,2138.37504413749,2845.2380682121393,956.15500974548,1746.8609884600407,902.9787311708748,927.9913549924794,391.39334511290195,1313.6543129382528,3244.738898899167,1324.1034764076185,3018.8737053151895,1429.3762851488539,3371.474240441241,2584.512962632038,2854.039376167621,2017.501937060651,2942.9397357334688,2310.482413698305
6536470737,2041.360497543821,0.0,1975.8003907442148,1463.0877270177064,284.65818563941536,1470.1637677568058,2047.39316919479,1565.197753321679,1904.1244890242338,1242.2573220942281,1413.6345359223712,1285.7335024647236,2206.120369409455,1843.2848549742089,2022.929200840979,1872.7065938252715,2045.2876798049542,2110.171318496173,619.4693829982277,1262.8659834459913,2396.9593399685464,1487.5975965247728,1905.8491640839654,1164.6666028372422,2365.8030000977883,2522.8909633205803,2412.0632533999824,1.7876680703907832,2002.0345402771045,2087.9177128913407,1765.7148270307946,2383.4984814063964,456.588837332402,2282.1056045205737,1336.5368298107626,1620.674740548374,1938.3485039200643,1595.4816826695749,2860.280772593483,2014.2412437874732,816.451670276775,1698.0594954266253,1483.689431712254,1318.25353166484,1243.7741115335575,1430.8219988936005,1007.4410968564804,1836.2474896318802,579.9433187455192,1207.4443207350557,1815.5189509163436,2509.2963729299786,2411.1280761032313,2310.313710947337,1419.515593815466,1317.7738044608518,94.77188733012962,1133.5745319183325,1798.4809465601354,1890.1150422966348,2308.2912621057358,2304.185643478838,1206.8966619777693,2710.956096083732,507.8452142432271,1718.8154574895298,1009.2080396666182,823.8052774044106,1226.1259107203498,2013.541655800845,1874.4938562678424,1746.8123702636246,1302.9289318475903,857.1711420375891,2604.989439909456,2394.7342424784315,1381.0066182163298,1849.2971144241749,1600.1810398703067,893.8969190213268,208.242833282777,76.93794025600944,2390.1396774709074,1246.2617256310261,1781.207974114517,1244.891382886289,2276.070574675297,2916.725334449354,1691.3809073909395,830.3130563559398,1956.0912522823269,2372.48342890707,1487.9228655901943,1727.8842042230103,1558.5484817831336,1768.1914128074059,1098.1941380960432,316.80365097502306,986.5121813132099,720.4945218594892
242925109,1082.2660654916092,1975.8003907442148,0.0,579.2743781927537,1721.3240520828872,606.8781801211962,1023.5657065393189,429.1500024705637,2175.030489840755,3067.3021584130406,2948.0003205279904,3143.671887168159,1532.3127117305091,2193.8547481767496,1432.844634138791,471.7620589195712,2311.913600497912,302.59081263349407,1668.9907294886843,1768.5954617611796,962.5404547668812,557.0041427631961,596.3866941974441,2912.519549122167,504.72235554420826,734.0870851778412,649.0558630632962,1974.1314347598375,556.5541340292505,1720.9911214840597,215.12635748322194,471.05454992537693,2070.4446966813175,547.1678407185357,1930.6075013580482,465.54083155889475,1106.153666667374,409.3343517463607,1349.6631662088134,342.531848581814,1348.644283755252,384.198242581716,2392.936771217987,658.5015466318655,813.0464160573337,635.9264673319103,1650.7889194595944,2195.4821223454674,1882.3292077281778,1014.9234506627304,372.4819943059833,694.7781924160439,520.1146690541397,849.307775477395,783.1566330044625,777.2474544719977,1888.8928210326003,2651.248693155464,1701.0209010152412,538.5298564711496,413.8194200320221,346.57942987127495,1568.4930609814237,922.5697896451003,1942.5742929817336,1412.704018284451,1012.525918144213,2225.392072754845,1749.0271456716398,271.91516806566113,2015.8347089375293,1672.2866258748968,2391.634743956959,1417.5221045522312,697.962679646813,489.2758350742804,1969.5390511184592,163.20674068486605,3124.3328731902807,1570.638452565611,1836.9911460580197,1937.494015973824,1056.7083947668461,2273.052347306789,1861.325097186608,1037.7528686025544,418.0727727357316,1370.7504002265584,1182.96497150617,1161.6978608208303,2455.8232280283814,409.2654390008899,2378.9201807790123,469.4167509018175,2858.4601402860826,1707.3938106485648,2374.4411039556117,2117.047886132386,2609.6811735412025,1877.3317926977847
321738184,879.5594895497024,1463.0877270177064,579.2743781927537,0.0,1236.7358455212427,56.90312672817314,845.0059862945873,167.4785773447246,2130.1272356240565,2630.53086982848,2597.0223600129557,2696.040756810085,1273.3157305225045,2126.039135850551,1123.2169013767564,431.078609278207,2282.272812359441,824.258632385338,1095.383702370037,1586.1977516542422,1392.8996887162052,24.715533191079597,887.9987242252565,2497.5939370548326,1067.0924604704505,1282.752589354918,956.059595884582,1461.541137734778,577.7527474043032,1834.0350390242468,371.30103891350797,1046.5372540907924,1639.1696736081176,825.2026768712715,1750.8942959516103,525.7042523902506,839.6285999474447,394.7567365102066,1504.3744736709777,551.5441630710864,996.2408702237585,531.7265723781343,2179.3760329668335,238.7461151163184,560.7126820462746,61.87033918260883,1078.3071180366396,2125.145124131074,1308.3613625427092,443.9614987962645,649.7302320539512,1250.020591880359,1091.710791885954,929.7891875845479,699.6346764541312,199.35948408534827,1371.2618762961438,2291.132645076689,1714.2129326332404,469.3986617070597,848.9418111621916,925.4858954804635,1385.5523409942402,1258.6819668389992,1531.4107063383858,1447.3061995499245,458.80688672877426,1862.3482398530564,1556.6598354526377,551.9452789139417,1993.7484274379915,1672.1577294765573,2127.766874265576,1096.7719831505476,1142.9836327287321,1063.6087543450442,1797.949914436644,422.8908058065745,2782.7288936663435,992.3167076195912,1302.3526483641508,1414.9384295851046,1456.124572480079,2014.2117239109766,1401.8422671849864,867.8322727920698,813.9245962663466,1548.8414070891126,782.2340904727309,632.8301219692412,2367.9624116455943,986.265222499939,2169.2057473289,649.0541436501927,2569.362109589469,1708.553932967176,2058.401492046455,1566.8017044655007,2218.958074047608,1522.8149157222463
7396464240,1896.535266654008,284.65818563941536,1721.3240520828872,1236.7358455212427,0.0,1251.1446973996378,1894.6429077716707,1322.8110919932726,1708.7365482548996,1402.8886595369738,1467.260007538275,1462.8097847688766,2112.435648824316,1655.5220429502622,1928.0629551845045,1659.262504032192,1856.736720794909,1839.9957263668641,620.16168090095,1049.3415058477153,2112.4551729051627,1260.6454819219616,1623.7937895635753,1288.9371160155397,2093.9721893431506,2245.377384037482,2192.5814947885624,282.87431020102053,1796.1256473154417,1834.6217360501291,1515.3440171772727,2115.4383900572575,451.8709502229837,2061.7869097918665,1146.8064961767209,1347.824220451122,1801.5755077883975,1331.1966157540592,2684.0412163056767,1786.9267946267812,534.8297358945318,1427.2454607674424,1371.278681789501,1069.6222300151555,966.8208498133943,1211.7709929759203,1004.460093895228,1649.3163663415958,676.4813443060259,1045.233478450949,1541.6123993834756,2233.1534370785384,2140.9102042720783,2121.5539111512,1136.6561269832162,1112.7223071286778,231.67351492055508,1166.5895772390022,1554.5793020900612,1683.9226042480254,2070.417644214523,2042.483851322826,964.3832498591888,2494.624416550212,411.78145096726837,1453.7394318838303,800.2925924994684,783.1460070791214,1010.8670858101774,1779.8982614950246,1660.734755479383,1502.0982465058844,1218.2641486486039,585.706011818689,2369.3986038962535,2125.9124858180166,1194.9838136177025,1603.0035170598057,1657.7638532010142,867.2553431106531,291.62165083227467,286.8410531342887,2105.5453127717133,1140.2372684338197,1773.3663927747925,960.5725090073398,2041.9538369655713,2737.117844497268,1574.6903683722946,612.9173529342123,1797.4475596085592,2111.340823588538,1371.8297838161131,1451.0593273828779,1548.1093384717867,1526.0611590247277,1047.2696457939649,560.0096096700494,1050.4387552103371,565.5425095532195
7258549913,827.5164378253344,1470.1637677568058,606.8781801211962,56.90312672817314,1251.1446973996378,0.0,794.5807906367686,213.68433374563338,2182.512687816558,2649.1024109171567,2626.8237462984275,2712.8192178066747,1217.5490451416406,2177.497067110376,1066.6508257141609,408.7201279621021,2335.0340882364058,862.9127253985359,1080.4342141788682,1633.005804142073,1442.3906745420875,62.59797438021608,941.091295815548,2519.579374715505,1101.5300845222282,1320.4639542319474,942.9251364819347,1468.652851295402,550.6835586750497,1890.6070730735232,405.4078758038027,1076.9302443821866,1661.027013862774,812.5174398605611,1797.3342661944912,581.1083116570117,785.0110610642321,449.08444141483255,1470.884719826574,545.9721640097581,1032.436173207509,584.445088045081,2222.4486397024916,287.15993482032405,611.7239070319348,39.44981137164224,1044.6668675545943,2176.496094837655,1292.6135376740153,408.6209825262014,700.1639358875059,1286.4459747949302,1123.7201856616546,896.6742394813527,755.4906409946184,173.6562839895377,1377.4775620519238,2320.489022958394,1769.1022867508252,439.98732220443065,851.5611796347466,951.2283250306424,1433.124356902923,1243.9240252494349,1556.661371605239,1503.096960980178,461.4040059569038,1892.4965766972198,1602.9462028691246,553.78748268546,2047.1627246346509,1726.7590538094603,2167.0249527880183,1135.3932403174474,1141.7071555853197,1094.5406009653611,1844.7563774370324,446.61152459292595,2813.262879646748,964.4879513426057,1304.1323323466763,1419.6964324369728,1507.4915763865988,2054.1749702603165,1348.229826718445,919.3494214960102,813.3317031519757,1516.9697752738277,725.434468976879,641.8744281496325,2418.154788693275,1010.1432851671066,2212.576006234599,703.122316640852,2605.495207855917,1763.1301481339317,2093.0450493439225,1562.565730542195,2244.752411291245,1555.2479635839736
7200403951,64.32370960747915,2047.39316919479,1023.5657065393189,845.0059862945873,1894.6429077716707,794.5807906367686,0.0,921.5571815095637,2974.0581436350585,3284.2234745171486,3342.204218967916,3332.5309431593055,511.4336842099564,2970.9331450073814,446.0833619909627,561.507177599698,3125.4307394523107,1321.320631906858,1495.3823809504909,2425.0873372136243,1985.381648602021,834.7513163492829,1580.5843565911791,3182.636297314627,1464.7040992364261,1696.7651601906937,743.6823779398787,2046.254069848122,472.5264562821872,2642.442987668784,961.7637306644904,1393.2812853793457,2339.1360686035696,686.0589388814859,2588.656702398422,1290.463381491815,160.93265531983968,1157.6001132952956,836.2255064307614,692.8474059295726,1797.7167220797949,1255.0596088563134,3004.674627949876,1081.740683642647,1405.680142009336,820.9875405975315,1239.4236448501244,2970.084831938225,1669.7748544839558,849.4508368159887,1326.3896446042957,1649.1626246845208,1452.085238970859,411.75776117405536,1531.099611521217,841.7187400214302,1953.2515779560233,3035.8072783282873,2548.4925265468983,491.5306581131908,897.9560916157039,1238.309741036608,2226.3921110833708,920.8746146415159,2258.5915073328156,2273.741490746924,1123.2153363951054,2617.27066073594,2394.1821686362546,764.0233128894487,2835.224553604901,2508.49566694231,2935.2215911656135,1907.8399873633198,1035.3291156517537,1414.3884810435259,2636.675509491697,907.8166614213159,3531.8791419075687,1257.3964540321936,1848.6670190116126,1980.9695545087632,2080.14410003773,2825.692815382637,1014.9108246379594,1712.7983997521897,838.675844738876,899.7790465889225,425.85762382466527,1304.5356714615646,3212.6838415992634,1260.3699073693942,2995.7568861496393,1379.2766412965698,3357.2279135653785,2544.976525181474,2840.130437380741,2033.3840422458588,2938.157823468792,2296.6266599702913
1467806941,964.4537083762085,1565.197753321679,429.1500024705637,167.4785773447246,1322.8110919932726,213.68433374563338,921.5571815095637,0.0,2063.1122108566196,2699.2871107706023,2631.281537142874,2769.630997710876,1382.1803190830472,2065.3773798719585,1243.2342161919337,421.8997574178065,2212.118377924258,658.6220549393898,1240.2108689511942,1555.0249392755302,1228.854498079265,151.8888235102456,732.0420294298499,2556.8170891050863,904.624368238697,1117.3319829380032,895.2750292689927,1563.578492493793,572.5410186413364,1724.9204564747615,214.71783547971887,888.7356629311048,1702.0827022440965,766.0418899324792,1720.6432586539836,384.40834166412714,941.8397105661421,248.53778731997394,1501.6753689627317,482.7432846484094,1018.2584046006975,375.7855929093056,2163.430540205582,256.7846137581041,523.4131482824544,229.30459353216187,1242.8822352023592,2065.1888418197877,1453.5442643627646,610.3660214011392,487.4223461896516,1085.5604496036258,931.8126370381453,933.1170370174019,612.2584484655275,363.91650496050147,1475.846091371503,2327.768214490043,1628.0012211361347,479.0422789383348,747.8791825096667,774.9394579835649,1351.8270861613166,1198.2191848178127,1584.83462725706,1352.1876625077841,584.248585639816,1898.032132217522,1528.3723955341877,462.56699274643887,1919.479065602104,1588.9172345415407,2128.451447774678,1107.7167691009392,1047.3673193365278,905.0773148269692,1765.5657800478164,285.5729102295892,2814.053577349249,1152.581967495418,1416.873419464318,1522.4867673394417,1295.1541785695993,2012.4410579846906,1558.5239299471507,816.9714230986849,721.7996702993303,1540.043928679914,920.4299691521934,740.5402921006258,2314.575632687969,838.4021088855126,2151.9391970699594,497.91331052037856,2580.986226744444,1625.3934172659274,2077.3108943071543,1691.9517663656413,2267.382096827545,1552.6554097926453
11680202624,3009.6832847243218,1904.1244890242338,2175.030489840755,2130.1272356240565,1708.7365482548996,2182.512687816558,2974.0581436350585,2063.1122108566196,0.0,1998.845050236966,1514.4665934240998,2108.4464486823276,3385.7813591085073,86.00906466713035,3220.2772431819535,2475.675285122092,157.13011305089623,2031.631935330367,2280.3881100770773,665.1175488917219,1715.139909993884,2139.453734091952,1628.453646870724,1788.268681306645,2161.589210691504,2135.2899749176604,2824.0861836887248,1902.9097569571434,2620.603930227867,655.1384915363875,2097.087608749733,2244.0404389773726,1513.349690629751,2717.9897983381056,567.5878966485254,1740.3270846334308,2964.541686124935,1854.4716689629481,3516.108972637847,2466.0978125449114,1341.241306019676,1805.9339498484512,676.2313325133049,1897.0953986857087,1571.537639053284,2160.0582357008857,2612.6961631183626,95.46444742687467,2380.1657398628163,2306.644761389733,1804.3789642387628,2162.087017923129,2223.4670980967508,2973.721981453673,1452.4763199991742,2177.451622644406,1908.3233134984089,1384.5530883977592,489.489460816135,2538.302849808333,2577.9321024542865,2291.8521433264473,809.820371068681,3088.2824265183253,1408.2370916435411,771.1540642758007,2001.156759594222,1242.4390830036984,704.2783238056426,2410.939382677641,170.26417863057208,507.7115246866206,872.4380061078206,1227.8249929881244,2824.532085674795,2238.123821945427,524.0496116020764,2186.8714120317836,1594.1549770723107,2463.6421434896274,1998.1179637469843,1951.7403400447029,1614.8646039696062,822.76668289019,3302.7182938689084,1263.841326797661,2591.0578344734804,3541.981103188546,2851.1134559495363,1895.862242407669,311.86189308172914,2346.786177073394,656.8580511359926,1706.062338359006,1206.3007319145268,474.92870410826566,1080.6364940671472,2220.913363821008,1504.585069112085,1185.7161965750404
11662185649,3280.6835890601988,1242.2573220942281,3067.3021584130406,2630.53086982848,1402.8886595369738,2649.1024109171567,3284.2234745171486,2699.2871107706023,1998.845050236966,0.0,573.9325608781197,109.6417067319094,3443.5046699921545,1913.513318917633,3261.2778264215863,3057.821811623597,2072.3269420983274,3127.182448944225,1845.7413903847917,1646.2884741449225,3216.1181895340005,2653.7863285143567,2824.0143019400734,211.02179486817136,3364.2883680521018,3469.608294499133,3585.316875228724,1243.2269558787143,3197.117751504329,2498.9704193778007,2874.7562325820772,3405.1540017342313,998.1608018604401,3454.4596018456277,1582.6495373660805,2640.935956485832,3179.2845069889468,2660.1824374156,4085.3070042503796,3175.286281502254,1726.356759806302,2726.7569719271346,1328.2753051329803,2442.509432367784,2260.768975377941,2609.968550034078,2214.657213244266,1904.0539932661497,1744.6529100443222,2437.574421107277,2819.7319468691144,3469.572520316731,3418.9802429535957,3524.3986869286364,2360.89438839655,2515.2683147780263,1334.6841190502582,614.8105197583712,2194.297471669778,3085.0691141742636,3443.6426767783178,3360.126193508074,1750.8457271146308,3888.5979430682223,1125.5727129847662,2281.1476085199524,2203.0339411390537,912.801141146692,1632.2377808488218,3161.6064450553713,2075.1462892152526,2158.4124254482404,1126.6697486249116,1678.9651237651233,3743.4721019947046,3411.629256365866,1592.294887141466,2968.460883706481,653.7518238843776,2119.4628937608295,1447.945222890979,1313.4386823502116,3168.5212395875496,1190.8441924527972,2965.0897288415,2116.483587267611,3420.700754334168,4139.1522931251375,2933.619894624818,2015.3914796984438,1852.430367636585,3429.509956822931,1346.5124724411066,2714.533525059498,925.7789926758849,2158.8844648585077,939.0592761217553,1353.0889870010674,527.7129700752831,1230.8657360740979
12101126578,3349.7302078637936,1413.6345359223712,2948.0003205279904,2597.0223600129557,1467.260007538275,2626.8237462984275,3342.204218967916,2631.281537142874,1514.4665934240998,573.9325608781197,0.0,674.107904811736,3579.617549499872,1428.5919958013285,3395.2307675349734,3027.01778453353,1564.4640824756734,2952.667572516431,2029.0092004989135,1310.544346077974,2927.5282502148293,2617.9081347833303,2605.1546662737796,408.43440292889983,3168.790780403119,3239.083747152249,3525.77679102876,1413.9140008106438,3174.7738683334223,2081.3098607770394,2777.5182176015414,3223.283875538404,1015.4845922372219,3397.1632753287768,1202.5111931833642,2492.8717817352203,3260.0652777874325,2540.5922062778805,4096.372552038681,3113.808009898981,1613.4763627297743,2579.12149831615,841.3730724917363,2380.5787429248185,2138.392709113436,2589.7131094530146,2419.9841826476913,1419.192837832929,1984.2056920684684,2498.73472225756,2651.4081486214754,3247.0067778588996,3227.585299337704,3523.0864753339956,2186.1448453194066,2520.7935925740258,1490.3184132238164,306.9504588439494,1793.131040795642,3065.8407866965777,3348.7286139997145,3203.466501901985,1464.1277611437056,3827.61576044629,1083.6281809966104,1936.3203351038915,2221.177046761734,734.7161731872708,1308.7873391354433,3087.568348873829,1617.2657433119598,1766.1952957368826,680.1391842497924,1532.3810436591436,3643.658312772931,3226.3876378107366,1196.4229491129238,2875.5501941514526,190.5538469435976,2300.2840568548722,1616.3618034367867,1490.5637554199911,2862.528834038576,779.3497003272056,3194.73912433705,1928.4192975545689,3335.2755023332447,4143.627425507968,3040.780563974217,2037.7789225331087,1325.3804982367647,3271.32647603365,861.3914077574656,2541.2569473881435,356.1547791550223,1758.9331638455874,587.7067969151053,1626.4894462265167,427.1448985988577,1078.6695259354267
11670266175,3327.0717229168317,1285.7335024647236,3143.671887168159,2696.040756810085,1462.8097847688766,2712.8192178066747,3332.5309431593055,2769.630997710876,2108.4464486823276,109.6417067319094,674.107904811736,0.0,3477.1400454578306,2023.1291448366994,3295.872660910621,3121.365816925963,2181.8836589661055,3210.6245723174416,1878.5000258996401,1750.034944064135,3312.2900019795766,2719.5584280383728,2913.4674369485933,320.37579195367977,3449.8366581125288,3559.1345178860106,3651.8381432422184,1286.8195041515603,3258.924144106262,2606.1368196504604,2948.6462327575764,3488.9387095079087,1073.306069295392,3520.9461398438502,1689.2199635120562,2722.381762725917,3223.918311764883,2737.8462051094475,4139.637761195551,3243.1229326593284,1808.094509256145,2807.8688403149968,1437.8834447391537,2513.0480290083005,2340.433066653174,2673.540232479656,2239.9320492451916,2013.670501514697,1766.5584874297222,2488.7371802907687,2903.1799190062484,3558.174721288718,3503.9233435526266,3581.9740325008424,2446.6356799762093,2575.2308924409617,1379.4934624341524,724.2732401752093,2300.880596029607,3146.7279404633123,3515.6746978491014,3440.779274232076,1850.5044900636924,3954.71202977195,1205.8313906879757,2383.8682064268096,2262.6872901089364,1011.3935765108017,1735.1962635236312,3231.33026101938,2184.240240395445,2264.5331656568974,1236.2228485297069,1765.1186052022547,3815.5802194159196,3495.823015911884,1699.6066596142173,3041.4526019219616,738.4750757919136,2150.423378482273,1488.4363047439033,1354.4247886186804,3266.4604230212185,1299.6582373446006,2981.4325217864543,2204.7909514943517,3491.4201536591995,4194.469386187329,2974.361902353033,2075.64059026744,1961.383816606938,3510.2200591001238,1456.135740882927,2798.898296433967,1028.4008076712603,2265.4454310283268,1047.0746142425312,1372.4900947102763,632.2496811576286,1322.104589688002
9944142520,450.5673361183737,2206.120369409455,1532.3127117305091,1273.3157305225045,2112.435648824316,1217.5490451416406,511.4336842099564,1382.1803190830472,3385.7813591085073,3443.5046699921545,3579.617549499872,3477.1400454578306,0.0,3374.30393054539,184.395736949208,1064.5076970623152,3540.406125999312,1831.5976987669642,1598.6821877894204,2797.668033856265,2494.808867974275,1269.3455134699168,2075.453457939879,3369.733686061419,1975.0697709175656,2206.349667722486,1208.1194173641777,2205.3242249561463,983.9390276566925,3104.564759327505,1454.6729821145416,1902.045581979552,2564.133027392723,1174.8029903391,2956.4147074281323,1763.5819973260543,441.31284370310345,1627.990685492642,1015.3063434699457,1204.2245740332457,2131.1795024960506,1738.0152473363898,3342.7130328817375,1494.7065527227371,1818.2147134036898,1234.2218639290752,1252.6814574129435,3372.5217981670917,1726.7628902684394,1118.5174099427318,1819.9203574384885,2158.3374777731096,1960.9390166230344,848.2865577589725,1972.9466852916657,1208.7147732273484,2117.0744432528995,3278.59624527277,2985.4478209382287,995.5625554207465,1395.8409985140495,1747.2810797557606,2606.9379177396477,1313.6127226420056,2508.4088057306003,2720.608971518283,1428.4227670592957,2879.5415980869698,2763.7849891920114,1275.2817823584335,3256.9769834170866,2942.24949428832,3247.80080352452,2247.486000110139,1492.4109339928682,1923.1321614352437,3006.361320404307,1409.4486687363733,3770.0771573847214,1327.4402526682275,1998.2727191646059,2132.511337324013,2587.7336075252792,3145.3230632192704,712.2767890191196,2124.1804498221895,1337.5046799045479,1084.2811249623242,552.2415670781122,1585.9008160250298,3603.9817944055435,1766.58822970862,3336.062466078929,1863.332562398693,3639.489980929858,2978.512465256644,3124.0157248406763,2118.1861288467926,3160.1191010249167,2585.8454369965866
11680202585,3005.0046456793666,1843.2848549742089,2193.8547481767496,2126.039135850551,1655.5220429502622,2177.497067110376,2970.9331450073814,2065.3773798719585,86.00906466713035,1913.513318917633,1428.5919958013285,2023.1291448366994,3374.30393054539,0.0,3206.7559079543757,2480.995361201081,202.0620914849784,2060.9679878984707,2235.507463697069,621.8238497382333,1768.03532880852,2136.2799948889597,1658.182912939345,1703.0231188570183,2199.188545530524,2180.988791332872,2842.5249323737885,1842.1133477774977,2627.301437185242,724.0638438274663,2108.049051044958,2279.899666019746,1444.7256481861366,2734.1536933310504,509.25057345916065,1752.3427752240461,2956.7727952894265,1862.8547183806988,3529.684255102503,2478.1555166339917,1307.7542923207882,1820.5695380912741,590.2372482387693,1891.0004439971326,1565.7760280708271,2153.776687372153,2574.1575121875876,9.475903703240295,2329.393802691655,2286.7367072338543,1825.0810944645318,2206.313991842816,2261.244096105311,2982.4924037218134,1457.6998950171446,2165.61249259817,1850.6250205331014,1299.4160018969162,530.678712579585,2542.5083118747107,2599.8252946349344,2322.564567858232,781.2627182937321,3110.8323102295494,1343.7144574556216,802.6270242853041,1978.9981392595953,1165.533888213986,660.8107198240048,2424.6357880789446,227.35746868521218,541.2729704007492,787.3790595797511,1192.4772525297549,2851.5031134409983,2274.686234171423,462.7569715509401,2199.39888488398,1509.3917021222915,2425.2352032890826,1943.380963196698,1892.841615620742,1670.5550163325968,740.1978434743802,3273.540371347369,1258.22985277181,2611.076754508381,3557.090546984748,2836.0489368487674,1867.1919510788,266.17212882490725,2378.924080640699,570.8838850679989,1724.4380237549606,1121.8966705892517,511.34904892501703,997.6883528207738,2159.839954637305,1420.9664606035126,1123.2401332878228
159118052,381.8717015709588,2022.929200840979,1432.844634138791,1123.2169013767564,1928.0629551845045,1066.6508257141609,446.0833619909627,1243.2342161919337,3220.2772431819535,3261.2778264215863,3395.2307675349734,3295.872660910621,184.395736949208,3206.7559079543757,0.0,961.0858927806132,3375.534289101899,1735.0293045803612,1417.4374488187177,2624.7779996787244,2392.9174545083797,1121.4795657209438,1953.0648562781096,3186.1508256329344,1896.6604112541609,2130.393490890673,1184.4174768537782,2022.1172021643436,902.4290268492331,2957.2477246013245,1334.9662364254095,1829.3697376031175,2379.74668136047,1132.0104474095508,2782.424486752228,1627.2908749446524,327.37005170473793,1491.2859790306584,1104.2456054850686,1119.1396587796787,1953.9596966547535,1608.0601067969371,3164.070356481287,1336.9722575691887,1657.7382632054773,1080.03083284946,1078.2545873925906,3204.7570200784944,1550.2127639145,939.7165245816042,1697.7032618923145,2083.8269069963776,1887.8538764997054,835.9389985491439,1820.9614412064461,1043.4279988937944,1933.5793536246888,3094.272377163584,2828.1908044353136,894.9814859583009,1343.2168803493082,1674.4655933132474,2435.9174957480996,1330.4014350193959,2324.4230294832164,2567.623022515744,1250.8463818739037,2695.7610452220615,2590.441158525775,1188.0213569441478,3094.4112850650868,2784.0040362667723,3066.7012647953384,2070.7563951944267,1474.9921025297317,1850.458948771751,2832.6152770716258,1299.197739205981,3585.687573511227,1147.541449154958,1815.2322788459303,1949.5621304805916,2480.8730335430414,2964.937171415373,615.5546442602252,1961.7851304683757,1283.8036807069072,1173.451236368837,374.03785528490755,1405.127272007857,3433.469089852137,1700.2879879442935,3157.6934369379896,1733.2752115992548,3456.2029598853474,2820.116192407486,2941.044704820042,1940.0793379117342,2975.7434557616534,2403.606976283753
1141753352,616.9660634484725,1872.7065938252715,471.7620589195712,431.078609278207,1659.262504032192,408.7201279621021,561.507177599698,421.8997574178065,2475.675285122092,3057.821811623597,3027.01778453353,3121.365816925963,1064.5076970623152,2480.995361201081,961.0858927806132,0.0,2622.5772394460037,774.0845734657565,1439.6539945077418,1976.9111927164263,1432.854212448675,409.4380504090641,1019.8479230645484,2927.5215904165916,950.0216977525782,1184.558183391035,540.9171140644393,1871.2377527555702,151.28280117097185,2099.8453349097354,404.80973314390064,893.376717999477,2068.954860551595,412.9048438921581,2142.5273217351883,750.0328530689559,634.5530201331285,624.5206309255983,1082.9368885026404,194.99740397513375,1421.1747531670035,704.2388707070429,2584.0042385153647,651.3144509971977,944.6930592948252,447.8950579974036,1324.4549263188733,2481.106813027169,1646.2152790979753,725.4974820346235,766.6775042822284,1140.5839218187177,949.9063279401252,511.65629068233835,1023.5109457047831,555.5876370203222,1779.2201301597054,2721.4186368095848,2029.0634168189406,70.10320110026124,506.5810631443121,742.3612134305995,1773.726629560056,838.2565190507278,1962.4067822389795,1747.192793445098,864.2364757552263,2292.3032397377274,1950.145885278814,247.3951400472701,2328.1435611438487,1992.5914313687997,2544.2043258840877,1517.2709867549515,769.1935192308993,914.0115533691937,2187.461812166175,346.33789230955375,3212.213249983264,1277.363115165753,1700.0310188321598,1819.5310491709217,1523.6460694527152,2429.031577745719,1412.003298237717,1238.2155322786798,455.57410594016534,1123.9675665764814,728.4168523510224,1048.2503179183263,2732.636842449413,782.1574525189627,2572.740517395812,826.0742640438237,2991.998335382152,2028.9344073045252,2483.822945712004,1945.9292792919612,2650.0295740474526,1951.2346132481523
2139543216,3161.7657176168545,2045.2876798049542,2311.913600497912,2282.272812359441,1856.736720794909,2335.0340882364058,3125.4307394523107,2212.118377924258,157.13011305089623,2072.3269420983274,1564.4640824756734,2181.8836589661055,3540.406125999312,202.0620914849784,3375.534289101899,2622.5772394460037,0.0,2158.1347135294636,2433.446746243888,818.1276041840779,1808.3578419791968,2291.1828693043153,1755.4452893911973,1863.2779952325511,2277.6492961682666,2239.543987579884,2960.683651548139,2044.119531537186,2766.527117926289,724.2412261642861,2240.450195267601,2362.2471863571477,1644.461410635738,2856.6712223962336,711.0618483780299,1883.3650487918242,3117.9272753718574,1999.9118148372118,3656.4967113525963,2608.3028468167295,1497.6642711903578,1946.8676052110422,744.4489680017923,2050.206679477439,1724.738160172021,2313.1120801876937,2768.160431085591,209.04794080621696,2529.951653435474,2463.3324084958194,1940.1249533709547,2268.5871773374392,2339.1676334315157,3118.0302625298386,1600.4624312055091,2332.426814706366,2052.6271854641323,1462.0915547932693,613.6110930842859,2685.86086750899,2711.4966149134757,2416.3329559703684,966.7161562958279,3220.76777564831,1545.1639223683374,901.0646330522371,2158.1194637735966,1357.3292416475972,857.2751518155712,2551.911156386119,296.32282042844776,639.6497052709695,954.0220174813019,1383.8440539238072,2952.604679237552,2355.4199402241206,664.8055588808402,2328.9690158004623,1627.1440804658898,2619.129750172598,2144.9817951789582,2094.9004265895724,1703.197703198795,920.4483867634767,3459.7851140608104,1417.2848709738,2726.3979854122044,3681.080361812806,3006.8190836811873,2052.918172661128,264.419765140043,2469.4884859315493,726.6887141649025,1844.0704027138631,1238.4714311172875,604.7620923859665,1174.8743403150438,2361.8086146599735,1593.4782153148665,1325.1424060033935
7185202538,1381.0870515630963,2110.171318496173,302.59081263349407,824.258632385338,1839.9957263668641,862.9127253985359,1321.320631906858,658.6220549393898,2031.631935330367,3127.182448944225,2952.667572516431,3210.6245723174416,1831.5976987669642,2060.9679878984707,1735.0293045803612,774.0845734657565,2158.1347135294636,0.0,1876.182247239157,1707.8371626653036,664.8618441139431,805.463469952965,403.1782910195317,2959.0029950670373,257.95000975402826,458.7132500916594,848.7892476531981,2108.432180030698,850.3991836394022,1518.4446614407311,459.4329874148363,278.616545896691,2142.8721867081595,776.5146573253006,1862.1197700129119,493.88931703781896,1408.0982050414643,522.0451492541614,1561.7740200257583,631.0556290046959,1402.9557844116255,412.7559433298797,2329.1898620488855,832.8832628104075,879.4747625876106,885.2306077831925,1901.492696689506,2063.773699922401,2088.1259700363307,1268.2201117293205,307.4691217321706,428.14608255013525,301.00471739250673,1111.3942239642415,770.5890562296676,1022.4443526680257,2029.1401246679425,2666.1070099871936,1545.079165885314,840.2216971353766,581.398656349787,263.57802195826434,1517.750670287163,1073.819211400257,2005.3169182250456,1260.4934869598512,1210.6602080051273,2250.654252427902,1694.362113762525,559.1602248111591,1865.90533145377,1523.926364991465,2355.3286506573813,1449.8890026411893,794.9295528247162,287.00296251991824,1895.456451472884,451.52156956251696,3120.931811666743,1808.8289515397285,1993.399825694677,2081.040021979552,764.8265175343424,2236.7786921238758,2157.9470822607404,1025.5297062311759,613.1431333068863,1572.6733684447424,1482.5830660357221,1333.5732829918393,2326.709348507307,325.7650974805449,2313.442206556152,414.023509727609,2827.6824565848965,1556.953313917524,2368.2221264051614,2285.3120580957025,2644.576862728952,1907.4839888505196
11659293566,1479.4989141672918,619.4693829982277,1668.9907294886843,1095.383702370037,620.16168090095,1080.4342141788682,1495.3823809504909,1240.2108689511942,2280.3881100770773,1845.7413903847917,2029.0092004989135,1878.5000258996401,1598.6821877894204,2235.507463697069,1417.4374488187177,1439.6539945077418,2433.446746243888,1876.182247239157,0.0,1615.443304530287,2316.267385122403,1119.2474986315597,1788.0340726522168,1781.4590905465236,2131.6797435412477,2326.960306407149,1973.8976335345899,618.9532376583636,1545.0898047137255,2299.657652172636,1454.9217674751794,2125.2637896549236,1034.5861487901977,1849.9905865162402,1733.8791119147847,1435.7911151338474,1369.2764040668048,1361.5355359247037,2327.7541047113373,1611.519595145455,968.538608285781,1493.3065328845137,1990.1322563355118,1044.66248291201,1132.3231346968023,1045.185699233078,392.7100505560979,2230.1550273724615,213.3399274885047,716.2793687706733,1623.4265878334807,2301.9778781087325,2164.917865178215,1808.3957834412836,1352.4023022128538,907.5526027725193,538.7275564480599,1741.7899945951033,2052.50871405482,1438.7159175200684,1925.8223246220816,2015.1364404493254,1489.867831952568,2257.840998576286,1026.8557424035532,1891.219748004829,665.528890175014,1390.780425909627,1576.2792658022927,1629.7285001082778,2210.726630704273,1999.759394599366,1838.0641720200017,1068.3612065124848,2206.4328696113516,2140.578924713728,1784.0456770444573,1517.3311692182997,2216.8465457243633,275.0481102174817,413.0845774946286,543.189012530004,2341.107892784794,1760.1655250032636,1168.745953696864,1283.5895028086982,1882.9569669802302,2388.6970093561204,1107.0757571847823,571.7139058162093,2397.9211538912136,2078.1573705951105,1990.141915765917,1564.8978511683545,2149.8001620218174,2028.9360718573848,1660.6482867685195,538.0890943670494,1602.1661500494,1182.7239363419526
962953269,2453.0636618335116,1262.8659834459913,1768.5954617611796,1586.1977516542422,1049.3415058477153,1633.005804142073,2425.0873372136243,1555.0249392755302,665.1175488917219,1646.2884741449225,1310.544346077974,1750.034944064135,2797.668033856265,621.8238497382333,2624.7779996787244,1976.9111927164263,818.1276041840779,1707.8371626653036,1615.443304530287,0.0,1617.1729548208161,1600.084210172489,1330.0985725269475,1442.814084279946,1899.3050005157095,1945.1401568202705,2400.3785531243575,1261.5101811513268,2127.488045607892,888.126347233623,1640.6952490434935,1964.1272445250918,919.9214656473947,2281.1934682018154,165.6212637673178,1304.0561161663359,2394.145549354083,1389.587460545795,3053.2604158224503,2007.830121872745,691.6975560405027,1384.4426250057218,624.8522426027581,1347.4521615527542,1033.2172998306996,1604.6137970962045,1952.4811269837708,617.0214452235916,1716.8082573720096,1691.9614825586993,1425.9680940352962,1957.429599594365,1960.263103830797,2487.9633085521486,987.2091873923151,1595.87075531692,1257.4732867240662,1068.4861196608852,578.4551114586142,2032.259258321382,2182.359058233391,1969.0708262528506,203.51777232736998,2688.160962015797,792.1492188200275,636.7794366090927,1380.656599776219,752.8186452126437,39.16609422234003,1964.1863934204775,612.8492189942486,533.642536263129,658.3326363344264,574.5721787783027,2460.1157983589846,1964.2360268740647,211.76084058179612,1738.0167970516254,1456.6450008757029,1803.6064691093939,1340.4177096616602,1303.942368625379,1552.618524135762,542.9926747602315,2658.68349302617,743.2258362192656,2182.2794070250698,3088.2428660784904,2251.28613705365,1255.860847635965,814.9109384884276,2033.408044805393,610.4539484515386,1315.975392862043,1129.5525408509345,543.8993624290249,733.8937538140261,1578.3142224920812,1118.5809607680524,567.1226602467441
8313994960,2044.5914437454906,2396.9593399685464,962.5404547668812,1392.8996887162052,2112.4551729051627,1442.3906745420875,1985.381648602021,1228.854498079265,1715.139909993884,3216.1181895340005,2927.5282502148293,3312.2900019795766,2494.808867974275,1768.03532880852,2392.9174545083797,1432.854212448675,1808.3578419791968,664.8618441139431,2316.267385122403,1617.1729548208161,0.0,1380.1231721498064,530.5660639652054,3024.6353049851446,599.4660542656951,461.30733681117084,1469.3160088284417,2395.1727097004155,1515.1582836312652,1092.0868020723144,1073.356332701062,694.6495189225794,2302.1007901752623,1418.9387147551015,1737.9074506122338,900.3922662059779,2067.2136741463196,1009.4299613976233,2167.680877658546,1295.9129575872373,1594.16726682687,867.3920886223681,2181.0163059220336,1311.0727768063928,1191.670661514783,1454.13923426801,2424.9713029232453,1773.4990133054866,2517.024213323125,1819.3369286293394,743.5415780163252,502.7747561419031,647.0074883110796,1764.9617404754615,985.8634871360703,1575.2670844759316,2331.989921746458,2674.9495435660524,1241.9040142200954,1500.580364235181,1203.1566407555317,820.0028846014019,1473.646354924279,1638.4796625227043,2153.7692398559243,1012.4275001954992,1676.422396610625,2303.9146877969492,1619.0931247142573,1224.0215410798867,1545.6915490113556,1243.2189150060888,2267.491343660171,1591.545519449846,1334.0395605484578,678.4218212278938,1755.255349598335,1095.1262426261392,3072.1633613565714,2310.7377571097554,2329.9131814887305,2387.6114737978105,121.66893659778482,2156.327650213928,2781.9764594795406,1159.0912965728176,1246.649037299429,2167.8994312903833,2120.5818517985485,1744.8663238993086,2026.8005913696256,839.8236303142658,2162.264682836883,766.7024103626115,2729.167501690752,1266.6301073138384,2346.2200504393477,2631.85744518552,2697.786411064772,1995.8003021090835
